name: arvia_mlst
channels:
  - conda-forge
  - bioconda
  - agbiome
  - r
  - defaults
dependencies:
  - _libgcc_mutex=0.1=conda_forge
  - _openmp_mutex=4.5=2_gnu
  - biopython=1.79=py36h8f6f2f9_0
  - blast=2.16.0=hc155240_3
  - bzip2=1.0.8=h4bc722e_7
  - c-ares=1.34.5=hb9d3cd8_0
  - ca-certificates=2025.7.14=hbd8a1cb_0
  - cgecore=1.5.5=pyh864c0ab_1
  - curl=7.87.0=h6312ad2_0
  - entrez-direct=22.4=he881be0_0
  - keyutils=1.6.1=h166bdaf_0
  - kma=1.4.15=he4a0461_0
  - krb5=1.20.1=hf9c8cef_0
  - ld_impl_linux-64=2.44=h1423503_1
  - libasprintf=0.25.1=h8e693c7_0
  - libblas=3.9.0=32_h59b9bed_openblas
  - libcblas=3.9.0=32_he106b2a_openblas
  - libcurl=7.87.0=h6312ad2_0
  - libedit=3.1.20250104=pl5321h7949ede_0
  - libev=4.33=hd590300_2
  - libffi=3.4.6=h2dba641_1
  - libgcc=15.1.0=h767d61c_3
  - libgcc-ng=15.1.0=h69a702a_3
  - libgettextpo=0.25.1=h5888daf_0
  - libgfortran=15.1.0=h69a702a_3
  - libgfortran5=15.1.0=hcea5267_3
  - libgomp=15.1.0=h767d61c_3
  - libidn2=2.3.8=ha4ef2c3_0
  - liblapack=3.9.0=32_h7ac8fdf_openblas
  - liblzma=5.8.1=hb9d3cd8_2
  - liblzma-devel=5.8.1=hb9d3cd8_2
  - libnghttp2=1.51.0=hdcd2b5c_0
  - libnsl=2.0.1=hb9d3cd8_1
  - libopenblas=0.3.30=pthreads_h94d23a6_0
  - libsqlite=3.46.0=hde9e2c9_0
  - libssh2=1.10.0=haa6b8db_3
  - libstdcxx=15.1.0=h8f9b012_3
  - libstdcxx-ng=15.1.0=h4852527_3
  - libunistring=0.9.10=h7f98852_0
  - libxcrypt=4.4.36=hd590300_1
  - libzlib=1.2.13=h4ab18f5_6
  - mlst-cge=2.0.9=hdfd78af_0
  - ncbi-vdb=3.2.1=h9948957_0
  - ncurses=6.5=h2d0b736_3
  - numpy=1.19.5=py36hfc0c790_2
  - openssl=1.1.1w=hd590300_0
  - perl=5.32.1=7_hd590300_perl5
  - perl-archive-tar=3.04=pl5321hdfd78af_0
  - perl-carp=1.50=pl5321hd8ed1ab_0
  - perl-common-sense=3.75=pl5321hd8ed1ab_0
  - perl-compress-raw-bzip2=2.201=pl5321hbf60520_1
  - perl-compress-raw-zlib=2.202=pl5321hadc24fc_0
  - perl-encode=3.21=pl5321hb9d3cd8_1
  - perl-exporter=5.74=pl5321hd8ed1ab_0
  - perl-exporter-tiny=1.002002=pl5321hd8ed1ab_0
  - perl-extutils-makemaker=7.70=pl5321hd8ed1ab_0
  - perl-io-compress=2.201=pl5321h503566f_5
  - perl-io-zlib=1.15=pl5321hdfd78af_1
  - perl-json=4.10=pl5321hdfd78af_1
  - perl-json-xs=4.03=pl5321h9948957_4
  - perl-list-moreutils=0.430=pl5321hdfd78af_0
  - perl-list-moreutils-xs=0.430=pl5321h7b50bb2_5
  - perl-parent=0.243=pl5321hd8ed1ab_0
  - perl-pathtools=3.75=pl5321hb9d3cd8_2
  - perl-scalar-list-utils=1.69=pl5321hb9d3cd8_0
  - perl-storable=3.15=pl5321hb9d3cd8_2
  - perl-types-serialiser=1.01=pl5321hdfd78af_0
  - pip=21.3.1=pyhd8ed1ab_0
  - python=3.6.15=hb7a2778_0_cpython
  - python_abi=3.6=2_cp36m
  - readline=8.2=h8c095d6_2
  - rpsbproc=0.5.0=h6a68c12_1
  - setuptools=58.0.4=py36h5fab9bb_2
  - sqlite=3.46.0=h6d4b2fc_0
  - tabulate=0.7.7=py36_0
  - tk=8.6.13=noxft_h4845f30_101
  - wget=1.20.3=ha56f1ee_1
  - wheel=0.37.1=pyhd8ed1ab_0
  - xz=5.8.1=hbcc6ac9_2
  - xz-gpl-tools=5.8.1=hbcc6ac9_2
  - xz-tools=5.8.1=hb9d3cd8_2
  - zlib=1.2.13=h4ab18f5_6
prefix: /home/usuario/Proyectos/environments/miniconda3/envs/arvia_mlst
